camera_matrix:
- - 1148.5633317882994
  - 0.0
  - 503.82741034888323
- - 0.0
  - 1143.2336673975249
  - 561.0807442278378
- - 0.0
  - 0.0
  - 1.0
dist_coeff:
- - -0.31692140866756985
  - 0.03438862436743541
  - 0.00046618512122591194
  - 0.0022460022591191237
  - 0.7062127746190181
