camera_matrix:
- - 1141.7670708384774
  - 0.0
  - 473.81619060644965
- - 0.0
  - 1137.5133910525813
  - 557.5568908752506
- - 0.0
  - 0.0
  - 1.0
dist_coeff:
- - -0.2533327675933529
  - -0.4725754472856641
  - -0.0007310441235435453
  - 0.0010430568426526537
  - 1.780183226934417
